0000000000000000000000010000000000000000000100000000000000000000
0000000000000000000101010001000000000001010100010000000000000000
0000000000000000000101010001000000000001010100010000000000000000
0000000000000000000101010001000000000001010100010000000000000000
0000000000000000000101010001000100010001010100010000000000000000
0000000000000000000100010000000000000000000100010000000000000000
0000000000000000000100000001000000000001000000010000000000000000
0000000000000000000100000000000000000000000000010000000000000000
0000000000000000000101010000000100010000010100010000000000000000
0000000000000000000101010000000000000000010100010000000000000000
0000000000000000000000010000000000000000000100000000000000000000
0000000000000000000000000001000100010001000000000000000000000000
0000000000000000000000010000000000000000000100000000000000000000
0000000000000000000000010000000000000000000100000000000000000000
0000000000000000000000010000000000000000000100000000000000000000
0000000000000000000100000000010101010000000000010000000000000000
