0000000100010001000100000000000000000000000000000000000000000000
0001001000010010001000010000000000000000000000000000000000000000
0001001000100010001000010000000000000000000000000000000000000000
0001001000110010001000010000000000000000000000000000000000000000
0000000100010010001000010000000100010001000100000000000000000000
0000000000000001001000010001010101000100010000010001000000000000
0000000000000000000101000100010101000100010001010100000100000000
0000000000000001010001000101010001010100010101000101010000010000
0000000000000001010001010100010001000101010001000100010100010000
0000000000000001011001000101010001010100010101000101010000010000
0000000000000000000101000100010101000100010001010100000100000000
0000000000000000000101100110010001010100010101000001000000000000
0000000000000000000100010001000100010001000100010001000000000000
0000000000000001000100010000000000000000000000000001000100000000
0000000000010001000100000000000000000000000000000001000100010000
0000000100010001000000000000000000000000000000000000000100010001
