0000000000010001000000000000000000000000000000000000000100010000
0000000000000001000000010001000100010001000100010000000100000000
0000000000000000000100010100010001000100010000010001000000000000
0000000000000001000101000101010001000100010101000001000100000000
0000000000010001010001000100010101000101010001000100000100010000
0000000000010100010101000100010001010100010001000101010000010000
0000000000010100010001010001000100010001000101010100010000010000
0000000000010100010000010010000100100001001000010100010000010000
0000000000010100010100010010001000100010001000010101010000010000
0000000000010101010000010010001100100011001000010100010100010000
0000000000010100010000010010001000110010001000010100010000010000
0000000000000001010001010001001000100010000101010100000100000000
0000000000000000000101010001010000100100000101010001000000000000
0000000000000000000100010100001000100010010000010000000000000000
0000000000000001000000000001000100010001000100000001000000000000
0000000000010001000000000000000000000000000000000001000100000000
