0000000000010001000000000001000100010001000100000001000100000000
0000000000000001000000010010001000100010001000010001000000000000
0000000000000000000100010010001000100010001000010000000000000000
0000000000000000000100010010001000100010001000010001000000000000
0000000000000001010001010001010100100101000101010100000100000000
0000000000010100010101000100010001010100010001000101010000010000
0000000000010101010001000100010001010100010001000100010100010000
0000000000010100010101000100010101000101010001000101010000010000
0000000000010100010001010101010001000100010101010100010000010000
0000000000010100010001010100010101000101010001010100010000010000
0000000000010100010101000100010001010100010001000101010000010000
0000000000010001010001000100010101000101010001000100000100010000
0000000000000001000101000101010001000100010101000001000100000000
0000000000000000000100010100010001000100010000010001000000000000
0000000000000001000000010001000100010001000100010000000100000000
0000000000010001000000000000000000000000000000000000000100010000
